33
64
0 1 655.2991699270123
1 2 440.5601633149091
2 3 473.59491119611744
3 4 617.9445080905807
4 5 661.1404307360955
5 6 634.0675118663072
6 7 743.4315641781642
7 8 496.01237005945256
8 9 604.6955242091569
9 10 662.9354914509331
10 11 735.370188852812
11 12 635.2939336919982
12 13 937.2244414966808
13 14 866.7089439889164
14 15 565.8632036829758
15 16 481.9627760755564
16 17 824.5679617774035
17 18 395.04389321153775
18 19 647.6495713729167
19 20 501.73224695385653
20 21 740.9601455288814
21 22 1241.6376454943759
23 24 611.164615144087
24 25 627.1613591160248
25 26 607.3766395966246
26 27 762.3306949118179
27 28 656.4340892297462
28 29 1092.642817406996
29 30 659.068660954975
30 31 797.9785294702345
31 32 1464.4163141425765
1 0 655.2991699270123
2 1 440.5601633149091
3 2 473.59491119611744
4 3 617.9445080905807
5 4 661.1404307360955
6 5 634.0675118663072
7 6 743.4315641781642
8 7 496.01237005945256
9 8 604.6955242091569
10 9 662.9354914509331
11 10 735.370188852812
12 11 635.2939336919982
13 12 937.2244414966808
14 13 866.7089439889164
15 14 565.8632036829758
16 15 481.9627760755564
17 16 824.5679617774035
18 17 395.04389321153775
19 18 647.6495713729167
20 19 501.73224695385653
21 20 740.9601455288814
22 21 1241.6376454943759
24 23 611.164615144087
25 24 627.1613591160248
26 25 607.3766395966246
27 26 762.3306949118179
28 27 656.4340892297462
29 28 1092.642817406996
30 29 659.068660954975
31 30 797.978529470234
32 31 1464.4163141425765
20 25 386.47
25 20 386.47
1 7 241.09
7 1 241.09
31 32 473.75
32 31 473.75
8 15 285.42
15 8 285.42
0 3 100.35
3 0 100.35